{
  "advancedEditorSelectedIdentifier" : "ProjectBrowser",
  "openSceneRelativePaths" : [
    "Immersive.usda",
    "colorpallet.usda"
  ],
  "recentIdentifiers" : {
    "71BD9494-0C1F-487F-B76B-397021E02CE9" : [

    ],
    "AF09ED6F-1707-48FD-8720-65B998362C09" : [

    ],
    "D66134B1-3681-4A8E-AFE5-29F257229F3B" : [

    ]
  },
  "sceneCameraHistory" : {
    "71BD9494-0C1F-487F-B76B-397021E02CE9" : [
      {
        "date" : 775289430.743291,
        "title" : "Untitled",
        "transform" : [
          0.89932346,
          -3.348982e-09,
          -0.43728405,
          0,
          -0.23464677,
          0.8438364,
          -0.48257726,
          0,
          0.36899623,
          0.53660035,
          0.7588819,
          0,
          0.18213874,
          0.26553547,
          0.29807237,
          1
        ]
      },
      {
        "date" : 775289424.4757,
        "title" : "Untitled",
        "transform" : [
          0.5415346,
          -1.0215296e-08,
          -0.8406785,
          0,
          -0.26928198,
          0.947311,
          -0.1734617,
          0,
          0.796384,
          0.32031512,
          0.5130017,
          0,
          0.277902,
          0.14371505,
          0.3376472,
          1
        ]
      },
      {
        "date" : 775289420.592186,
        "title" : "Untitled",
        "transform" : [
          0.5415346,
          -1.0215296e-08,
          -0.8406785,
          0,
          -0.26928198,
          0.947311,
          -0.1734617,
          0,
          0.796384,
          0.32031512,
          0.5130017,
          0,
          0.028314607,
          0.014567085,
          0.16316597,
          1
        ]
      },
      {
        "date" : 775289418.759889,
        "title" : "Untitled",
        "transform" : [
          0.5415346,
          -1.0215296e-08,
          -0.8406785,
          0,
          -0.26928198,
          0.947311,
          -0.1734617,
          0,
          0.796384,
          0.32031512,
          0.5130017,
          0,
          0.038809076,
          0.00817734,
          0.17101109,
          1
        ]
      },
      {
        "date" : 775289409.426523,
        "title" : "Untitled",
        "transform" : [
          0.5415346,
          -1.0215296e-08,
          -0.8406785,
          0,
          -0.26928198,
          0.947311,
          -0.1734617,
          0,
          0.796384,
          0.32031512,
          0.5130017,
          0,
          0.034528002,
          0.019826196,
          0.17038356,
          1
        ]
      },
      {
        "date" : 775289308.476364,
        "title" : "Untitled",
        "transform" : [
          0.5415346,
          -1.0215296e-08,
          -0.8406785,
          0,
          -0.26928198,
          0.947311,
          -0.1734617,
          0,
          0.796384,
          0.32031512,
          0.5130017,
          0,
          0.0937977,
          0.07620789,
          0.23632851,
          1
        ]
      },
      {
        "date" : 775289263.209157,
        "title" : "Untitled",
        "transform" : [
          0.62080115,
          -2.1603036e-08,
          -0.783968,
          0,
          -0.3182325,
          0.9139062,
          -0.25199896,
          0,
          0.7164732,
          0.40592536,
          0.567354,
          0,
          0.09362243,
          0.07337267,
          0.20107915,
          1
        ]
      },
      {
        "date" : 775287099.717055,
        "title" : "Untitled",
        "transform" : [
          0.8421145,
          0.009862111,
          -0.53920853,
          0,
          -0.37704033,
          0.7256408,
          -0.5755746,
          0,
          0.3855954,
          0.68800294,
          0.6147911,
          0,
          0.05984239,
          0.10173518,
          0.22344506,
          1
        ]
      },
      {
        "date" : 775285874.872929,
        "title" : "Untitled",
        "transform" : [
          0.90380985,
          0.009862097,
          -0.42782056,
          0,
          -0.3695997,
          0.52189076,
          -0.7687822,
          0,
          0.2156939,
          0.8529552,
          0.47533515,
          0,
          0.034822427,
          0.12854925,
          0.2054673,
          1
        ]
      },
      {
        "date" : 775285872.704874,
        "title" : "Untitled",
        "transform" : [
          0.90380996,
          0.009862098,
          -0.42782062,
          0,
          -0.3695997,
          0.52189076,
          -0.7687822,
          0,
          0.2156939,
          0.8529552,
          0.47533515,
          0,
          0.011154019,
          0.13942915,
          0.19668417,
          1
        ]
      }
    ],
    "AF09ED6F-1707-48FD-8720-65B998362C09" : [
      {
        "date" : 773852160.527215,
        "title" : "Untitled",
        "transform" : [
          0.98975956,
          9.152654e-09,
          -0.14274445,
          0,
          -0.095184274,
          0.7452225,
          -0.6599874,
          0,
          0.10637638,
          0.6668158,
          0.7375911,
          0,
          0.056204677,
          1.0229654,
          -0.5266444,
          1
        ]
      },
      {
        "date" : 773852153.441069,
        "title" : "Untitled",
        "transform" : [
          0.98975956,
          9.152654e-09,
          -0.14274445,
          0,
          -0.095184274,
          0.7452225,
          -0.6599874,
          0,
          0.10637638,
          0.6668158,
          0.7375911,
          0,
          0.04341191,
          0.9915243,
          -0.5788753,
          1
        ]
      },
      {
        "date" : 773852145.742479,
        "title" : "Untitled",
        "transform" : [
          0.98975956,
          9.152654e-09,
          -0.14274445,
          0,
          -0.095184274,
          0.7452225,
          -0.6599874,
          0,
          0.10637638,
          0.6668158,
          0.7375911,
          0,
          0.10899512,
          1.5834602,
          0.16425371,
          1
        ]
      },
      {
        "date" : 773847109.735173,
        "title" : "Untitled",
        "transform" : [
          0.98975956,
          9.152654e-09,
          -0.14274445,
          0,
          -0.095184274,
          0.7452225,
          -0.6599874,
          0,
          0.10637638,
          0.6668158,
          0.7375911,
          0,
          0.004325342,
          0.9273426,
          -0.5615037,
          1
        ]
      },
      {
        "date" : 773847106.565119,
        "title" : "Untitled",
        "transform" : [
          0.98975956,
          9.152654e-09,
          -0.14274445,
          0,
          -0.095184274,
          0.7452225,
          -0.6599874,
          0,
          0.10637638,
          0.6668158,
          0.7375911,
          0,
          0.0043253326,
          0.9273427,
          -0.66150373,
          1
        ]
      },
      {
        "date" : 773846909.918897,
        "title" : "Untitled",
        "transform" : [
          0.98975956,
          9.152654e-09,
          -0.14274445,
          0,
          -0.095184274,
          0.7452225,
          -0.6599874,
          0,
          0.10637638,
          0.6668158,
          0.7375911,
          0,
          0.004325337,
          0.9273427,
          -0.56150377,
          1
        ]
      },
      {
        "date" : 773846907.416872,
        "title" : "Untitled",
        "transform" : [
          0.98975956,
          9.152654e-09,
          -0.14274445,
          0,
          -0.095184274,
          0.7452225,
          -0.6599874,
          0,
          0.10637638,
          0.6668158,
          0.7375911,
          0,
          0.0043253372,
          0.92734265,
          -0.66150373,
          1
        ]
      },
      {
        "date" : 773846904.818124,
        "title" : "Untitled",
        "transform" : [
          0.98975956,
          9.152654e-09,
          -0.14274445,
          0,
          -0.095184274,
          0.7452225,
          -0.6599874,
          0,
          0.10637638,
          0.6668158,
          0.7375911,
          0,
          0.004967232,
          0.9361352,
          -0.707053,
          1
        ]
      },
      {
        "date" : 773846889.39942,
        "title" : "Untitled",
        "transform" : [
          0.98975956,
          9.152654e-09,
          -0.14274445,
          0,
          -0.095184274,
          0.7452225,
          -0.6599874,
          0,
          0.10637638,
          0.6668158,
          0.7375911,
          0,
          0.0049672327,
          0.9361351,
          -0.607053,
          1
        ]
      },
      {
        "date" : 773846844.390901,
        "title" : "Untitled",
        "transform" : [
          0.98975956,
          5.4273634e-09,
          -0.14274445,
          0,
          -0.09518427,
          0.7452225,
          -0.6599874,
          0,
          0.10637638,
          0.6668158,
          0.7375911,
          0,
          0.0012737215,
          0.9615574,
          -0.67950296,
          1
        ]
      }
    ],
    "D66134B1-3681-4A8E-AFE5-29F257229F3B" : [
      {
        "date" : 764397233.571943,
        "title" : "Untitled",
        "transform" : [
          1,
          0,
          -0,
          0,
          -0,
          0.7071069,
          -0.7071067,
          0,
          0,
          0.7071067,
          0.7071069,
          0,
          -2.7939677e-09,
          0.10558134,
          0.10598137,
          1
        ]
      },
      {
        "date" : 764397107.177276,
        "title" : "Untitled",
        "transform" : [
          1,
          0,
          -0,
          0,
          -0,
          0.7071069,
          -0.7071067,
          0,
          0,
          0.7071067,
          0.7071069,
          0,
          2.7939677e-09,
          0.105581336,
          0.10558137,
          1
        ]
      },
      {
        "date" : 764397098.989413,
        "title" : "Untitled",
        "transform" : [
          1,
          0,
          -0,
          0,
          -0,
          0.7071069,
          -0.7071067,
          0,
          0,
          0.7071067,
          0.7071069,
          0,
          0,
          0.10558134,
          0.10558139,
          1
        ]
      },
      {
        "date" : 764397068.095359,
        "title" : "Untitled",
        "transform" : [
          1,
          0,
          -0,
          0,
          -0,
          0.7071069,
          -0.7071067,
          0,
          0,
          0.7071067,
          0.7071069,
          0,
          0,
          0.105581164,
          0.10598123,
          1
        ]
      }
    ]
  },
  "sceneViewportBackgroundColors" : {

  },
  "selectedSceneRelativePath" : "colorpallet.usda"
}