{
  "advancedEditorSelectedIdentifier" : "ProjectBrowser",
  "openSceneRelativePaths" : [
    "Immersive.usda",
    "colorpallet.usda"
  ],
  "recentIdentifiers" : {
    "71BD9494-0C1F-487F-B76B-397021E02CE9" : [

    ],
    "AF09ED6F-1707-48FD-8720-65B998362C09" : [

    ],
    "D66134B1-3681-4A8E-AFE5-29F257229F3B" : [

    ]
  },
  "sceneCameraHistory" : {
    "71BD9494-0C1F-487F-B76B-397021E02CE9" : [
      {
        "date" : 773724922.830227,
        "title" : "Untitled",
        "transform" : [
          1,
          0,
          -0,
          0,
          -0,
          0.7071069,
          -0.7071067,
          0,
          0,
          0.7071067,
          0.7071069,
          0,
          -0.0024957974,
          0.54910326,
          0.262948,
          1
        ]
      },
      {
        "date" : 773724917.11408,
        "title" : "Untitled",
        "transform" : [
          1,
          0,
          -0,
          0,
          -0,
          0.7071069,
          -0.7071067,
          0,
          0,
          0.7071067,
          0.7071069,
          0,
          4.656613e-09,
          0.095843226,
          0.09584318,
          1
        ]
      },
      {
        "date" : 773724908.65459,
        "title" : "Untitled",
        "transform" : [
          1,
          0,
          -0,
          0,
          -0,
          0.7071069,
          -0.7071067,
          0,
          0,
          0.7071067,
          0.7071069,
          0,
          -0.0024957908,
          0.54910326,
          0.262948,
          1
        ]
      },
      {
        "date" : 773724856.718413,
        "title" : "Untitled",
        "transform" : [
          1,
          0,
          -0,
          0,
          -0,
          0.7071069,
          -0.7071067,
          0,
          0,
          0.7071067,
          0.7071069,
          0,
          -0.002495706,
          0.54910326,
          0.26294792,
          1
        ]
      }
    ],
    "AF09ED6F-1707-48FD-8720-65B998362C09" : [
      {
        "date" : 773852160.527215,
        "title" : "Untitled",
        "transform" : [
          0.98975956,
          9.152654e-09,
          -0.14274445,
          0,
          -0.095184274,
          0.7452225,
          -0.6599874,
          0,
          0.10637638,
          0.6668158,
          0.7375911,
          0,
          0.056204677,
          1.0229654,
          -0.5266444,
          1
        ]
      },
      {
        "date" : 773852153.441069,
        "title" : "Untitled",
        "transform" : [
          0.98975956,
          9.152654e-09,
          -0.14274445,
          0,
          -0.095184274,
          0.7452225,
          -0.6599874,
          0,
          0.10637638,
          0.6668158,
          0.7375911,
          0,
          0.04341191,
          0.9915243,
          -0.5788753,
          1
        ]
      },
      {
        "date" : 773852145.742479,
        "title" : "Untitled",
        "transform" : [
          0.98975956,
          9.152654e-09,
          -0.14274445,
          0,
          -0.095184274,
          0.7452225,
          -0.6599874,
          0,
          0.10637638,
          0.6668158,
          0.7375911,
          0,
          0.10899512,
          1.5834602,
          0.16425371,
          1
        ]
      },
      {
        "date" : 773847109.735173,
        "title" : "Untitled",
        "transform" : [
          0.98975956,
          9.152654e-09,
          -0.14274445,
          0,
          -0.095184274,
          0.7452225,
          -0.6599874,
          0,
          0.10637638,
          0.6668158,
          0.7375911,
          0,
          0.004325342,
          0.9273426,
          -0.5615037,
          1
        ]
      },
      {
        "date" : 773847106.565119,
        "title" : "Untitled",
        "transform" : [
          0.98975956,
          9.152654e-09,
          -0.14274445,
          0,
          -0.095184274,
          0.7452225,
          -0.6599874,
          0,
          0.10637638,
          0.6668158,
          0.7375911,
          0,
          0.0043253326,
          0.9273427,
          -0.66150373,
          1
        ]
      },
      {
        "date" : 773846909.918897,
        "title" : "Untitled",
        "transform" : [
          0.98975956,
          9.152654e-09,
          -0.14274445,
          0,
          -0.095184274,
          0.7452225,
          -0.6599874,
          0,
          0.10637638,
          0.6668158,
          0.7375911,
          0,
          0.004325337,
          0.9273427,
          -0.56150377,
          1
        ]
      },
      {
        "date" : 773846907.416872,
        "title" : "Untitled",
        "transform" : [
          0.98975956,
          9.152654e-09,
          -0.14274445,
          0,
          -0.095184274,
          0.7452225,
          -0.6599874,
          0,
          0.10637638,
          0.6668158,
          0.7375911,
          0,
          0.0043253372,
          0.92734265,
          -0.66150373,
          1
        ]
      },
      {
        "date" : 773846904.818124,
        "title" : "Untitled",
        "transform" : [
          0.98975956,
          9.152654e-09,
          -0.14274445,
          0,
          -0.095184274,
          0.7452225,
          -0.6599874,
          0,
          0.10637638,
          0.6668158,
          0.7375911,
          0,
          0.004967232,
          0.9361352,
          -0.707053,
          1
        ]
      },
      {
        "date" : 773846889.39942,
        "title" : "Untitled",
        "transform" : [
          0.98975956,
          9.152654e-09,
          -0.14274445,
          0,
          -0.095184274,
          0.7452225,
          -0.6599874,
          0,
          0.10637638,
          0.6668158,
          0.7375911,
          0,
          0.0049672327,
          0.9361351,
          -0.607053,
          1
        ]
      },
      {
        "date" : 773846844.390901,
        "title" : "Untitled",
        "transform" : [
          0.98975956,
          5.4273634e-09,
          -0.14274445,
          0,
          -0.09518427,
          0.7452225,
          -0.6599874,
          0,
          0.10637638,
          0.6668158,
          0.7375911,
          0,
          0.0012737215,
          0.9615574,
          -0.67950296,
          1
        ]
      }
    ],
    "D66134B1-3681-4A8E-AFE5-29F257229F3B" : [
      {
        "date" : 764397233.571943,
        "title" : "Untitled",
        "transform" : [
          1,
          0,
          -0,
          0,
          -0,
          0.7071069,
          -0.7071067,
          0,
          0,
          0.7071067,
          0.7071069,
          0,
          -2.7939677e-09,
          0.10558134,
          0.10598137,
          1
        ]
      },
      {
        "date" : 764397107.177276,
        "title" : "Untitled",
        "transform" : [
          1,
          0,
          -0,
          0,
          -0,
          0.7071069,
          -0.7071067,
          0,
          0,
          0.7071067,
          0.7071069,
          0,
          2.7939677e-09,
          0.105581336,
          0.10558137,
          1
        ]
      },
      {
        "date" : 764397098.989413,
        "title" : "Untitled",
        "transform" : [
          1,
          0,
          -0,
          0,
          -0,
          0.7071069,
          -0.7071067,
          0,
          0,
          0.7071067,
          0.7071069,
          0,
          0,
          0.10558134,
          0.10558139,
          1
        ]
      },
      {
        "date" : 764397068.095359,
        "title" : "Untitled",
        "transform" : [
          1,
          0,
          -0,
          0,
          -0,
          0.7071069,
          -0.7071067,
          0,
          0,
          0.7071067,
          0.7071069,
          0,
          0,
          0.105581164,
          0.10598123,
          1
        ]
      }
    ]
  },
  "sceneViewportBackgroundColors" : {

  },
  "selectedSceneRelativePath" : "Immersive.usda"
}