{
  "advancedEditorSelectedIdentifier" : "ProjectBrowser",
  "openSceneRelativePaths" : [
    "Immersive.usda",
    "colorpallet.usda"
  ],
  "recentIdentifiers" : {
    "71BD9494-0C1F-487F-B76B-397021E02CE9" : [

    ],
    "AF09ED6F-1707-48FD-8720-65B998362C09" : [

    ],
    "D66134B1-3681-4A8E-AFE5-29F257229F3B" : [

    ]
  },
  "sceneCameraHistory" : {
    "71BD9494-0C1F-487F-B76B-397021E02CE9" : [
      {
        "date" : 774465473.793202,
        "title" : "Untitled",
        "transform" : [
          0.99942625,
          -2.1712835e-07,
          -0.033867262,
          0,
          -0.015598638,
          0.8876143,
          -0.46032313,
          0,
          0.030061178,
          0.46058735,
          0.8871052,
          0,
          0.020114653,
          0.40656134,
          0.36410508,
          1
        ]
      },
      {
        "date" : 774465470.416418,
        "title" : "Untitled",
        "transform" : [
          0.9993627,
          -2.1666207e-07,
          -0.035693467,
          0,
          -0.02119222,
          0.8046619,
          -0.5933549,
          0,
          0.028721314,
          0.59373325,
          0.80414927,
          0,
          0.020105757,
          0.5268044,
          0.32370183,
          1
        ]
      },
      {
        "date" : 774465461.797472,
        "title" : "Untitled",
        "transform" : [
          0.9857837,
          -2.1669139e-07,
          -0.16801925,
          0,
          -0.08705713,
          0.8552965,
          -0.51077294,
          0,
          0.1437064,
          0.5181389,
          0.84313726,
          0,
          0.14682718,
          0.6746364,
          0.20252714,
          1
        ]
      },
      {
        "date" : 774465460.526693,
        "title" : "Untitled",
        "transform" : [
          0.9857837,
          -2.1669139e-07,
          -0.16801925,
          0,
          -0.08705713,
          0.8552965,
          -0.51077294,
          0,
          0.1437064,
          0.5181389,
          0.84313726,
          0,
          0.0576663,
          0.39248574,
          -0.17550278,
          1
        ]
      },
      {
        "date" : 774465448.380346,
        "title" : "Untitled",
        "transform" : [
          0.9857837,
          -2.1669139e-07,
          -0.16801925,
          0,
          -0.08705713,
          0.8552965,
          -0.51077294,
          0,
          0.1437064,
          0.5181389,
          0.84313726,
          0,
          0.642788,
          2.244144,
          -39.274567,
          1
        ]
      },
      {
        "date" : 774465446.798403,
        "title" : "Untitled",
        "transform" : [
          0.9857837,
          -2.1669139e-07,
          -0.16801925,
          0,
          -0.08705713,
          0.8552965,
          -0.51077294,
          0,
          0.1437064,
          0.5181389,
          0.84313726,
          0,
          0.15793195,
          0.7097858,
          -41.330368,
          1
        ]
      },
      {
        "date" : 774465445.524175,
        "title" : "Untitled",
        "transform" : [
          0.9857837,
          -2.1669139e-07,
          -0.16801925,
          0,
          -0.08705713,
          0.8552965,
          -0.51077294,
          0,
          0.1437064,
          0.5181389,
          0.84313726,
          0,
          0.05766487,
          0.3924842,
          -41.7555,
          1
        ]
      },
      {
        "date" : 774465442.843355,
        "title" : "Untitled",
        "transform" : [
          0.98578376,
          -2.1309923e-07,
          -0.16801926,
          0,
          -0.08705714,
          0.85529655,
          -0.51077294,
          0,
          0.14370643,
          0.5181389,
          0.8431373,
          0,
          5.363261,
          7.5484943,
          -0.5214882,
          1
        ]
      },
      {
        "date" : 774464717.883711,
        "title" : "Untitled",
        "transform" : [
          0.99914,
          -2.1279205e-07,
          -0.041465566,
          0,
          -0.015202282,
          0.93036747,
          -0.36631322,
          0,
          0.03857833,
          0.36662856,
          0.9295672,
          0,
          0.078613825,
          0.40266824,
          0.46224135,
          1
        ]
      },
      {
        "date" : 774463728.778273,
        "title" : "Untitled",
        "transform" : [
          0.99973226,
          -2.1281632e-07,
          -0.023142375,
          0,
          -0.006521647,
          0.95946926,
          -0.2817379,
          0,
          0.022204502,
          0.28181335,
          0.95921224,
          0,
          0.063849956,
          0.32800958,
          0.47748363,
          1
        ]
      }
    ],
    "AF09ED6F-1707-48FD-8720-65B998362C09" : [
      {
        "date" : 773852160.527215,
        "title" : "Untitled",
        "transform" : [
          0.98975956,
          9.152654e-09,
          -0.14274445,
          0,
          -0.095184274,
          0.7452225,
          -0.6599874,
          0,
          0.10637638,
          0.6668158,
          0.7375911,
          0,
          0.056204677,
          1.0229654,
          -0.5266444,
          1
        ]
      },
      {
        "date" : 773852153.441069,
        "title" : "Untitled",
        "transform" : [
          0.98975956,
          9.152654e-09,
          -0.14274445,
          0,
          -0.095184274,
          0.7452225,
          -0.6599874,
          0,
          0.10637638,
          0.6668158,
          0.7375911,
          0,
          0.04341191,
          0.9915243,
          -0.5788753,
          1
        ]
      },
      {
        "date" : 773852145.742479,
        "title" : "Untitled",
        "transform" : [
          0.98975956,
          9.152654e-09,
          -0.14274445,
          0,
          -0.095184274,
          0.7452225,
          -0.6599874,
          0,
          0.10637638,
          0.6668158,
          0.7375911,
          0,
          0.10899512,
          1.5834602,
          0.16425371,
          1
        ]
      },
      {
        "date" : 773847109.735173,
        "title" : "Untitled",
        "transform" : [
          0.98975956,
          9.152654e-09,
          -0.14274445,
          0,
          -0.095184274,
          0.7452225,
          -0.6599874,
          0,
          0.10637638,
          0.6668158,
          0.7375911,
          0,
          0.004325342,
          0.9273426,
          -0.5615037,
          1
        ]
      },
      {
        "date" : 773847106.565119,
        "title" : "Untitled",
        "transform" : [
          0.98975956,
          9.152654e-09,
          -0.14274445,
          0,
          -0.095184274,
          0.7452225,
          -0.6599874,
          0,
          0.10637638,
          0.6668158,
          0.7375911,
          0,
          0.0043253326,
          0.9273427,
          -0.66150373,
          1
        ]
      },
      {
        "date" : 773846909.918897,
        "title" : "Untitled",
        "transform" : [
          0.98975956,
          9.152654e-09,
          -0.14274445,
          0,
          -0.095184274,
          0.7452225,
          -0.6599874,
          0,
          0.10637638,
          0.6668158,
          0.7375911,
          0,
          0.004325337,
          0.9273427,
          -0.56150377,
          1
        ]
      },
      {
        "date" : 773846907.416872,
        "title" : "Untitled",
        "transform" : [
          0.98975956,
          9.152654e-09,
          -0.14274445,
          0,
          -0.095184274,
          0.7452225,
          -0.6599874,
          0,
          0.10637638,
          0.6668158,
          0.7375911,
          0,
          0.0043253372,
          0.92734265,
          -0.66150373,
          1
        ]
      },
      {
        "date" : 773846904.818124,
        "title" : "Untitled",
        "transform" : [
          0.98975956,
          9.152654e-09,
          -0.14274445,
          0,
          -0.095184274,
          0.7452225,
          -0.6599874,
          0,
          0.10637638,
          0.6668158,
          0.7375911,
          0,
          0.004967232,
          0.9361352,
          -0.707053,
          1
        ]
      },
      {
        "date" : 773846889.39942,
        "title" : "Untitled",
        "transform" : [
          0.98975956,
          9.152654e-09,
          -0.14274445,
          0,
          -0.095184274,
          0.7452225,
          -0.6599874,
          0,
          0.10637638,
          0.6668158,
          0.7375911,
          0,
          0.0049672327,
          0.9361351,
          -0.607053,
          1
        ]
      },
      {
        "date" : 773846844.390901,
        "title" : "Untitled",
        "transform" : [
          0.98975956,
          5.4273634e-09,
          -0.14274445,
          0,
          -0.09518427,
          0.7452225,
          -0.6599874,
          0,
          0.10637638,
          0.6668158,
          0.7375911,
          0,
          0.0012737215,
          0.9615574,
          -0.67950296,
          1
        ]
      }
    ],
    "D66134B1-3681-4A8E-AFE5-29F257229F3B" : [
      {
        "date" : 764397233.571943,
        "title" : "Untitled",
        "transform" : [
          1,
          0,
          -0,
          0,
          -0,
          0.7071069,
          -0.7071067,
          0,
          0,
          0.7071067,
          0.7071069,
          0,
          -2.7939677e-09,
          0.10558134,
          0.10598137,
          1
        ]
      },
      {
        "date" : 764397107.177276,
        "title" : "Untitled",
        "transform" : [
          1,
          0,
          -0,
          0,
          -0,
          0.7071069,
          -0.7071067,
          0,
          0,
          0.7071067,
          0.7071069,
          0,
          2.7939677e-09,
          0.105581336,
          0.10558137,
          1
        ]
      },
      {
        "date" : 764397098.989413,
        "title" : "Untitled",
        "transform" : [
          1,
          0,
          -0,
          0,
          -0,
          0.7071069,
          -0.7071067,
          0,
          0,
          0.7071067,
          0.7071069,
          0,
          0,
          0.10558134,
          0.10558139,
          1
        ]
      },
      {
        "date" : 764397068.095359,
        "title" : "Untitled",
        "transform" : [
          1,
          0,
          -0,
          0,
          -0,
          0.7071069,
          -0.7071067,
          0,
          0,
          0.7071067,
          0.7071069,
          0,
          0,
          0.105581164,
          0.10598123,
          1
        ]
      }
    ]
  },
  "sceneViewportBackgroundColors" : {

  },
  "selectedSceneRelativePath" : "colorpallet.usda"
}