{
  "advancedEditorSelectedIdentifier" : "ProjectBrowser",
  "openSceneRelativePaths" : [
    "Immersive.usda"
  ],
  "recentIdentifiers" : {
    "AF09ED6F-1707-48FD-8720-65B998362C09" : [

    ],
    "D66134B1-3681-4A8E-AFE5-29F257229F3B" : [

    ]
  },
  "sceneCameraHistory" : {
    "AF09ED6F-1707-48FD-8720-65B998362C09" : [
      {
        "date" : 772748182.168596,
        "title" : "Untitled",
        "transform" : [
          0.99929285,
          -3.3844014e-10,
          -0.03760032,
          0,
          -0.014966808,
          0.9173637,
          -0.39776853,
          0,
          0.034493174,
          0.39805,
          0.916715,
          0,
          0.0015786049,
          0.91878134,
          -0.5578049,
          1
        ]
      },
      {
        "date" : 772748001.600876,
        "title" : "Untitled",
        "transform" : [
          0.99950165,
          -2.9939695e-10,
          -0.031567827,
          0,
          -0.009088639,
          0.957658,
          -0.28776485,
          0,
          0.030231185,
          0.28790832,
          0.95718074,
          0,
          0.0013841304,
          0.91370857,
          -0.55588853,
          1
        ]
      },
      {
        "date" : 772747963.920177,
        "title" : "Untitled",
        "transform" : [
          0.99999803,
          -6.8333617e-10,
          -0.0019766379,
          0,
          5.6675886e-05,
          0.99958885,
          0.02867247,
          0,
          0.0019758253,
          -0.028672526,
          0.9995869,
          0,
          8.2267085e-05,
          0.8990966,
          -0.5537957,
          1
        ]
      },
      {
        "date" : 772175447.180774,
        "title" : "Untitled",
        "transform" : [
          0.99999803,
          -6.8335787e-10,
          -0.0019766379,
          0,
          5.6675883e-05,
          0.99958885,
          0.028672468,
          0,
          0.0019758253,
          -0.028672524,
          0.9995869,
          0,
          0.0001344168,
          0.8984497,
          -0.7347517,
          1
        ]
      },
      {
        "date" : 772175413.736172,
        "title" : "Untitled",
        "transform" : [
          0.99999803,
          -6.833796e-10,
          -0.0019766379,
          0,
          5.667588e-05,
          0.99958885,
          0.028672466,
          0,
          0.0019758253,
          -0.028672522,
          0.9995869,
          0,
          0.00013441675,
          0.8984495,
          -0.6347517,
          1
        ]
      },
      {
        "date" : 772169167.945427,
        "title" : "Untitled",
        "transform" : [
          0.99999803,
          -6.834013e-10,
          -0.0019766379,
          0,
          5.6675875e-05,
          0.99958885,
          0.028672464,
          0,
          0.0019758253,
          -0.02867252,
          0.9995869,
          0,
          0.00013445318,
          0.8984495,
          -0.6347516,
          1
        ]
      },
      {
        "date" : 772169163.956271,
        "title" : "Untitled",
        "transform" : [
          0.99999803,
          -6.83423e-10,
          -0.0019766379,
          0,
          5.667587e-05,
          0.99958885,
          0.028672462,
          0,
          0.0019758253,
          -0.028672518,
          0.9995869,
          0,
          -0.2498992,
          0.8988372,
          -0.75106376,
          1
        ]
      },
      {
        "date" : 772169160.246409,
        "title" : "Untitled",
        "transform" : [
          0.99999803,
          -6.834447e-10,
          -0.0019766379,
          0,
          5.6675868e-05,
          0.99958885,
          0.02867246,
          0,
          0.0019758253,
          -0.028672516,
          0.9995869,
          0,
          -0.19989915,
          0.8988372,
          -0.75106376,
          1
        ]
      },
      {
        "date" : 772169157.836457,
        "title" : "Untitled",
        "transform" : [
          0.99999803,
          -6.834664e-10,
          -0.0019766379,
          0,
          5.6675864e-05,
          0.99958885,
          0.028672459,
          0,
          0.0019758253,
          -0.028672514,
          0.9995869,
          0,
          0.10010086,
          0.8988372,
          -0.75106376,
          1
        ]
      },
      {
        "date" : 772169155.104291,
        "title" : "Untitled",
        "transform" : [
          0.99999803,
          -6.834881e-10,
          -0.0019766379,
          0,
          5.667586e-05,
          0.99958885,
          0.028672457,
          0,
          0.0019758253,
          -0.028672513,
          0.9995869,
          0,
          0.25010085,
          0.8988372,
          -0.75106376,
          1
        ]
      }
    ],
    "D66134B1-3681-4A8E-AFE5-29F257229F3B" : [
      {
        "date" : 764397233.571943,
        "title" : "Untitled",
        "transform" : [
          1,
          0,
          -0,
          0,
          -0,
          0.7071069,
          -0.7071067,
          0,
          0,
          0.7071067,
          0.7071069,
          0,
          -2.7939677e-09,
          0.10558134,
          0.10598137,
          1
        ]
      },
      {
        "date" : 764397107.177276,
        "title" : "Untitled",
        "transform" : [
          1,
          0,
          -0,
          0,
          -0,
          0.7071069,
          -0.7071067,
          0,
          0,
          0.7071067,
          0.7071069,
          0,
          2.7939677e-09,
          0.105581336,
          0.10558137,
          1
        ]
      },
      {
        "date" : 764397098.989413,
        "title" : "Untitled",
        "transform" : [
          1,
          0,
          -0,
          0,
          -0,
          0.7071069,
          -0.7071067,
          0,
          0,
          0.7071067,
          0.7071069,
          0,
          0,
          0.10558134,
          0.10558139,
          1
        ]
      },
      {
        "date" : 764397068.095359,
        "title" : "Untitled",
        "transform" : [
          1,
          0,
          -0,
          0,
          -0,
          0.7071069,
          -0.7071067,
          0,
          0,
          0.7071067,
          0.7071069,
          0,
          0,
          0.105581164,
          0.10598123,
          1
        ]
      }
    ]
  },
  "sceneViewportBackgroundColors" : {

  },
  "selectedSceneRelativePath" : "Immersive.usda"
}